20
0.935900 6.435533 5.092485
13.103661 13.637122 1.067351
19.206796 17.605101 4.219271
1.124050 1.140019 3.323765
2.080410 3.904197 5.022075
16.376192 15.138483 0.047747
0.932986 14.343830 1.250721
8.963682 19.750106 5.684536
13.216724 9.405522 5.366751
12.976989 3.049145 5.027664
15.284472 14.314252 5.040862
13.512950 0.519537 1.886226
0.329461 12.777811 0.706248
4.309063 12.917022 3.679803
0.510138 12.105834 5.411362
7.258473 1.844239 5.650750
13.516532 7.628194 3.786412
8.931838 5.168235 1.538059
19.232183 17.717569 1.199233
17.268500 7.792902 2.539507
8.324657 6.296103 1.579225
13.878263 8.698102 0.669592
0.557021 18.694333 5.735663
11.539598 2.036620 2.881137
13.864901 9.041303 3.302776
3.622348 8.591677 3.804059
16.307833 10.683269 2.853345
15.648032 15.026183 4.135530
9.648990 13.047961 2.473207
0.708989 13.014363 2.338818
6.159197 18.112448 4.616265
10.551592 19.373766 2.553753
6.418961 19.596338 0.837156
9.887020 17.113098 3.115728
15.610890 12.172518 1.119544
7.207677 10.973932 5.574717
18.350335 19.620840 6.018739
3.308937 19.386392 4.894085
3.164178 9.347476 0.531439
3.737884 7.463527 3.861823
16.520913 19.518449 5.386497
6.316699 6.663546 3.146175
19.408065 13.478397 4.293877
4.994163 15.840911 0.194577
19.870327 9.235731 4.572650
13.402074 3.688902 5.710498
4.571943 11.268420 4.699660
17.448678 15.697664 2.128083
11.100041 1.803517 0.574135
1.276295 12.916579 3.431479
8.694507 9.371269 4.235283
2.044960 11.612126 0.978188
3.389610 3.388182 2.156314
10.226140 10.245659 5.165772
16.907787 14.414792 3.387601
2.256168 7.000275 5.308695
7.423094 3.190090 3.720228
2.878235 10.088969 0.895754
10.943923 16.931835 3.460933
11.182535 13.438476 3.292144
12.271323 4.111510 1.418599
1.676275 2.784632 6.281321
2.166250 1.714058 0.875646
14.138106 9.747609 0.224074
10.417369 4.883574 4.842557
5.329045 1.701915 2.081140
7.489162 13.647690 5.423991
18.368214 12.367366 5.670988
4.084279 19.041648 5.547801
2.778819 11.184944 1.483079
1.733654 16.407386 1.114270
10.491181 12.626569 2.412595
15.407041 11.994756 1.442937
8.408359 14.384968 2.776083
2.543274 8.252753 3.853328
0.401778 7.048730 3.284296
1.740436 9.074685 2.436854
6.231733 12.061220 3.190262
7.647046 5.130243 2.911412
14.727210 4.177989 4.859595
2.771121 16.751150 0.038948
18.669021 0.834703 3.776372
12.551348 0.213839 1.807902
3.744664 0.430615 2.035349
16.100108 10.445981 3.393562
7.783131 15.545677 4.820925
14.884433 1.194664 3.586114
4.183454 4.138109 2.365894
14.785328 18.439204 1.309426
19.162992 2.503758 4.838048
0.850715 2.626438 1.114739
11.229329 19.016950 6.235848
11.775491 3.104826 3.152677
19.488678 13.543060 0.502711
14.347707 10.834134 2.145894
12.521029 1.632555 0.224780
13.136706 12.442904 2.270370
9.182024 2.560321 2.661746
4.428877 15.318947 3.238571
2.805835 1.347505 5.403842
11.313547 7.000060 1.471497
19.499756 19.480149 6.268266
18.602109 11.751286 5.350612
17.942041 5.992937 6.191764
17.855659 16.418425 1.593727
17.708019 14.964888 2.888010
6.465359 14.573254 5.666363
18.095243 12.234000 6.267119
14.307388 15.372128 5.367196
5.891683 14.003080 6.059526
9.050526 17.776685 0.421187
8.406402 6.918922 6.072745
7.718566 5.062242 4.765651
5.145389 18.646439 2.623049
14.721008 2.864140 1.638530
5.500721 0.981184 3.503809
18.438120 14.770509 4.609305
4.734010 14.693945 1.010075
9.136143 4.336346 2.280515
4.017980 7.122743 4.253234
10.689651 8.227639 2.315613
1.670114 15.725127 4.580477
2.960073 1.498838 2.512939
19.054058 6.518334 1.024630
5.350131 6.540101 5.214681
3.647379 3.933401 3.662641
15.562610 13.857173 4.791699
2.391396 3.574264 0.509308
18.227851 4.984274 1.577177
15.386248 18.185254 6.153243
2.009570 19.193066 0.420453
5.671598 6.348160 4.624963
6.801082 16.081540 2.278657
1.234445 4.106409 5.288514
2.947156 3.939724 2.996613
11.668756 9.872826 5.743847
12.631892 6.413937 2.123178
16.889664 2.363366 0.842435
15.797100 14.318140 5.979696
10.160941 5.355454 0.508989
2.154765 19.670903 3.996719
6.651107 9.922675 0.217221
7.570097 15.679173 3.703471
19.557416 8.116271 0.000364
15.905404 16.354941 5.247758
12.076261 14.697629 0.743577
13.513048 15.145881 2.682885
7.517180 15.988891 0.907443
6.165562 18.723628 5.554863
1.002051 8.332523 2.647663
0.045136 12.624291 5.829079
14.568131 16.710525 0.207554
14.826989 4.130891 2.291298
5.303304 3.460575 2.111484
17.577406 14.068672 3.256044
1.189305 18.074367 2.682059
18.067567 18.390470 1.315892
2.804804 3.004670 3.275580
16.196809 14.446121 6.152522
16.924569 9.601563 5.121386
4.613214 7.870212 2.129455
7.385497 17.192094 0.605969
0.271410 9.321484 4.837954
3.919679 7.534889 3.299203
12.170891 10.009876 3.502224
3.254927 5.145373 1.216072
15.051782 4.343338 0.866235
8.661916 5.203125 5.010520
19.434604 3.017039 5.220589
6.592668 18.214109 0.276703
13.039436 12.637694 0.856398
15.188292 13.431871 4.129050
1.532526 14.094940 5.547538
6.054978 12.481398 3.481628
0.792515 1.930584 1.493734
11.277216 17.794110 1.270487
10.240394 0.196485 2.199503
5.125913 4.214342 2.212928
11.252763 5.177492 2.868222
3.841402 2.139608 5.579241
6.451841 0.493318 2.520866
7.161938 7.875225 5.163288
6.213809 5.580254 3.853333
18.226660 6.424562 2.087597
3.017944 5.124981 3.325895
2.878020 9.543818 0.408311
17.573063 13.917313 1.933133
10.099469 15.624069 4.828985
13.487691 6.034947 0.817830
5.022022 5.604972 2.643093
6.618451 17.213459 1.359188
16.771513 16.518478 2.734183
4.188529 17.768654 5.899727
2.318061 12.807877 3.609362
4.111999 17.957449 0.342611
16.048659 0.685541 1.404892
19.690595 7.100582 1.903682
13.822730 6.300035 5.522647
12.887771 15.975591 3.041199
17.353737 8.924089 4.931461
6.867259 7.337274 6.044341
15.653790 5.705042 0.838687
8.647861 12.477691 3.461357
3.251900 0.883555 5.915537
9.197157 3.225261 5.900725
2.775406 11.462066 0.523902
9.146026 7.635562 4.551697
9.746684 11.836275 4.959743
5.949025 6.887944 1.550464
4.476843 4.232002 2.786129
8.554542 11.310903 4.480290
12.254062 3.797239 3.124958
7.084742 9.953940 2.625328
12.839544 9.307459 5.701495
18.460202 1.073545 0.795072
10.788290 17.634909 3.050779
8.194834 1.265112 2.564046
11.306620 10.321647 4.714707
19.427198 14.765373 0.874325
4.177881 15.406388 1.512727
13.933866 15.742979 5.178846
1.376355 3.926213 3.237930
2.911779 17.163586 2.526382
8.100314 5.460217 5.273863
8.465445 9.385189 0.247420
19.343951 9.916410 3.900715
4.205301 15.297346 1.161477
13.983161 1.708376 4.383991
6.049884 10.187727 0.695168
7.649345 3.243504 5.073944
16.393096 11.238700 5.015260
13.663076 11.008271 4.694945
6.816035 0.537728 4.715522
4.571463 1.815141 0.162997
2.365970 7.270683 1.595938
16.585443 8.997933 4.769679
16.652843 13.969715 1.129019
5.118996 3.606696 1.521433
12.299782 10.745605 5.966454
2.441972 7.670838 3.640569
18.930628 11.922284 5.864336
4.939953 1.217942 5.741337
0.148598 12.737578 2.422186
7.463111 16.892586 2.210043
6.493118 9.105454 4.077808
5.360544 15.977950 0.981246
9.117278 1.143511 5.865140
18.142640 0.234689 6.244952
10.812119 10.122038 1.972783
19.053040 19.739631 2.439110
0.885573 11.867489 3.157367
1.486010 12.593744 3.701022
3.049294 19.163638 5.429274
14.166812 10.848926 5.847647
7.540252 14.983522 5.041839
6.132364 19.622173 3.023271
13.817197 15.488094 3.702351
13.742469 15.786643 0.125692
9.948098 9.325200 5.709810
18.788758 8.550781 3.392763
7.939050 5.344713 0.160336
19.724220 14.192060 5.756660
5.297287 16.611449 6.149952
5.034956 11.062101 2.638796
13.361805 1.242363 1.251281
7.181037 15.321582 0.168747
14.008013 11.616348 5.083407
13.306553 12.299710 4.793535
7.817158 10.589428 0.014075
10.708567 3.474854 4.117035
0.574930 6.619507 4.356866
15.295932 13.010930 5.167794
15.427224 3.014015 3.804546
6.667430 5.202051 0.510123
2.437993 15.526609 0.338495
1.363202 19.602462 0.821107
18.567721 8.422711 5.056423
8.412216 18.845760 3.252806
6.971529 19.841810 3.405358
8.211411 15.953571 1.282273
8.259009 11.452975 0.649707
8.634564 10.302354 5.037526
4.266540 8.120288 1.836857
15.027028 11.254086 3.278977
1.197895 10.556114 2.494521
9.642418 11.866583 1.439908
8.939971 3.243493 2.816116
4.493577 1.349924 4.761390
10.225675 0.734746 3.153565
10.287739 7.734975 2.713626
0.126845 18.928468 3.056084
2.287780 12.792264 4.511573
3.231652 17.685083 0.742804
4.237960 11.460429 3.637702
14.851630 4.840593 4.838306
2.181125 8.162386 0.811246
8.244918 6.089073 6.082171
4.388723 13.435656 1.456335
8.771255 2.089261 0.112274
0.998847 17.968998 4.198258
9.721281 8.091222 3.178948
5.039162 10.015530 4.368213
13.584987 15.044840 4.635062
7.533447 19.665761 3.956694
11.921048 8.621986 4.812882
10.549505 7.534188 5.769609
13.028448 18.519899 4.282292
7.888471 10.716148 0.331926
12.112278 3.559684 5.877940
7.190555 9.882047 0.493456
4.669961 0.211905 5.897463
7.268618 9.992578 4.583877
10.895579 17.822918 3.755436
7.729239 11.307269 0.054935
5.521799 16.391466 2.796067
12.937649 3.613224 0.833528
1.804383 5.529478 2.281165
13.379736 3.623555 3.754211
8.160384 7.316664 0.818527
17.784475 1.014808 2.473702
14.086629 6.299018 3.870823
10.180971 8.549374 5.376946
1.545806 10.189219 2.947495
3.709994 1.034764 3.453607
10.735791 15.417456 5.767607
0.020757 11.019162 3.265123
13.469127 10.811977 6.233580
10.294887 19.112404 4.756602
11.307123 2.386333 3.762056
2.613512 17.863583 0.023021
13.366720 8.685141 3.301853
3.868997 12.460481 2.692303
19.470047 19.909793 1.551902
15.178853 15.055460 3.813193
19.381011 17.461116 6.192230
11.298965 3.341641 1.443030
17.035389 9.332786 3.918308
4.601147 2.934488 5.271944
2.474631 19.962653 2.055214
13.369469 0.681231 2.055365
13.129474 13.024919 4.777715
15.215801 5.945619 0.262934
2.617174 18.830630 6.074698
14.752439 2.287183 4.043172
2.454379 11.147767 6.107284
15.220706 6.431114 5.944336
6.939385 0.155126 5.644913
9.243873 18.720602 0.815526
4.118324 10.859484 3.887667
17.363370 17.481320 4.842718
5.542418 11.048534 3.521046
4.710818 1.786325 0.189912
9.210921 16.832307 2.982706
9.664021 10.666322 0.183164
10.435917 3.353426 4.241724
9.123045 14.263161 2.072910
9.513746 18.376254 5.130866
1.453463 12.708771 1.109618
1.410454 16.782834 4.951685
15.785399 13.342953 4.030096
0.853787 17.787713 0.707550
9.964407 11.809885 6.067185
16.935130 11.080396 5.311410
19.766462 18.350422 3.357226
4.204795 15.460952 2.391773
2.527537 9.339364 3.854835
8.519909 3.595400 4.513781
12.469399 0.129866 2.617638
7.173902 4.954913 1.234619
2.278040 5.310233 0.152081
2.760805 5.388646 4.979649
17.675219 0.139655 1.988958
15.177260 3.872539 6.168618
12.474645 14.827448 0.441391
17.855837 12.739830 2.353898
14.806028 6.860148 3.925859
12.544454 13.390467 5.869633
13.927000 6.489356 1.330825
2.774988 6.527018 3.700435
2.142711 16.025516 0.424037
2.196113 5.705863 2.259647
7.528962 13.651437 2.088575
10.576950 19.881263 1.959258
17.483718 14.465226 0.648728
16.095648 6.915264 2.133799
13.914755 2.533158 4.979440
19.104804 18.304316 1.116345
16.616794 6.069347 4.945994
12.304060 6.342919 0.942299
16.665971 8.133664 1.140053
4.551832 12.231855 5.671288
13.907271 12.055431 6.105738
3.658832 17.374307 5.832149
16.127997 14.331405 2.758548
6.166101 9.134753 4.626093
19.778531 19.341070 1.783660
7.471122 14.066000 2.482408
16.497567 6.137122 2.632990
10.928309 10.156916 0.385759
17.247337 8.255406 4.888074
3.097664 6.827808 4.140720
6.295367 4.141453 4.609770
10.797327 11.082785 4.703391
6.824572 11.403119 3.144962
11.412091 9.393528 1.656042
14.965904 3.766570 0.163433
3.025012 1.612586 5.875183
15.201336 9.021200 1.071129
19.684600 6.654265 4.275320
2.652884 1.159931 4.594218
6.247533 19.189547 2.229349
14.044378 12.246036 6.047988
3.287569 5.011657 2.719129
15.961375 9.430892 5.999019
16.559306 14.136473 3.849810
14.522783 11.672145 2.278270
17.695197 4.874616 0.824016
11.401963 6.798228 0.703177
14.214423 13.126941 6.114153
16.433635 4.873178 3.903150
3.135449 2.114114 5.101537
7.212019 9.154462 3.795063
7.237825 3.309196 4.045704
8.140801 3.181112 3.246311
6.877410 4.943715 6.207644
0.558933 0.774147 0.739285
16.872688 17.479526 0.324040
7.377102 16.308208 0.444299
15.507065 18.338560 0.220007
9.001032 2.846382 2.737097
1.646559 10.521207 5.780050
2.916677 18.803465 2.921059
16.263911 7.943179 4.532793
5.138021 10.810688 3.817126
13.029916 19.143305 6.124463
9.759326 16.091974 3.692157
5.196170 13.441311 0.210924
8.244666 0.563694 4.255356
14.231850 5.757378 4.208846
6.291426 17.944255 4.058209
7.475914 13.491789 5.606244
9.641863 17.074297 3.592959
14.287369 15.726929 0.219598
17.833346 4.751223 5.344477
5.348460 7.252620 0.548361
10.007611 15.161639 2.522221
14.846058 8.097437 3.614696
17.057462 18.854826 1.984097
12.557908 13.261471 3.339353
9.018984 4.020416 0.903892
5.013832 2.585228 4.888040
15.670383 19.156149 0.857217
14.142223 5.329113 2.291366
8.310617 13.569871 4.834285
6.288777 17.364508 5.972436
12.151381 14.643478 5.484411
16.798973 9.579766 2.208279
8.839703 0.806788 2.515092
3.058911 16.436368 4.004671
15.515832 5.995681 6.026903
17.049957 6.454460 3.780592
4.916858 12.847181 2.252878
9.521253 6.894257 4.913609
12.995912 8.690173 5.166703
5.452567 1.696496 6.125857
10.207941 0.841822 3.417495
14.460334 18.228424 2.952732
12.497388 4.560231 6.221632
17.824969 17.318799 2.439898
5.510257 15.785034 1.119959
9.166863 10.028772 1.726084
12.338728 15.321756 3.749964
16.740478 12.490452 5.674233
18.291466 3.003761 5.328455
7.474538 4.181141 0.969070
13.857263 9.215193 0.563713
4.940875 15.098891 5.949558
10.408320 9.523680 6.206077
9.787294 4.860882 0.979876
19.774212 18.280375 4.205985
6.310693 3.297622 2.617895
13.674413 7.406345 0.560649
18.540464 0.298948 1.064080
3.541099 16.411442 0.457950
1.912410 18.044319 6.185604
13.141539 14.784975 5.326289
17.277722 17.986593 5.197741
9.134909 19.092309 1.537402
16.736006 1.871784 2.561460
17.373736 17.772139 0.846195
15.346699 13.477493 4.704678
7.554478 12.078764 1.272830
12.610241 13.122277 5.943954
11.199136 6.634488 5.301874
13.517569 10.750765 2.013202
12.456743 10.981385 5.078359
9.448914 14.989707 4.050001
2.668637 4.359904 1.683088
4.520321 11.363664 5.709967
18.153365 8.431528 3.748958
6.638075 7.002144 2.897685
5.609468 9.988941 2.976214
0.448451 4.165348 6.186802
9.162296 1.005710 2.918143
11.433210 9.057170 3.318836
6.262955 1.297098 1.142930
2.489078 6.478675 2.385253
4.435205 4.949908 0.240860
18.840221 4.280225 2.336572
13.371475 14.135627 1.595002
14.765501 18.642229 3.854849
1.291602 10.493268 5.997096
17.766903 15.853761 3.038520
15.437356 18.292860 2.802410
0.700138 6.557093 3.420338
5.786557 5.251114 5.565066
14.353073 13.779891 2.953643
7.238743 17.846163 1.920484
19.207482 0.889588 3.502504
11.183518 3.488600 4.381664
12.562630 8.928885 4.234104
16.190604 0.646116 3.562706
13.987867 8.577192 0.994364
11.510397 13.955256 1.146521
8.102097 14.137862 4.835415
16.066417 19.807995 4.503290
1.892335 8.341535 1.558718
1.097997 6.545123 0.595959
4.109556 19.243282 0.297242
10.127007 7.108280 2.002966
4.898070 16.332229 5.756849
1.358673 12.144105 5.534214
17.900136 0.349519 1.941865
3.829186 6.827689 1.667279
9.565116 15.804489 0.573997
16.237994 11.408224 3.203944
5.542912 19.629409 5.594998
1.405905 6.436621 3.336578
14.746932 17.584507 4.896017
10.067690 14.032101 5.559995
7.097182 6.911340 3.939420
17.312316 7.033103 0.041013
1.788256 8.632163 0.663847
6.719029 11.697140 3.879225
19.134190 19.082580 4.305212
16.738916 8.305992 1.489941
1.971303 9.328768 4.947268
9.746050 3.237322 1.945345
5.584067 19.660593 3.619299
17.346481 17.255480 3.990950
16.816098 8.044495 5.775276
5.410602 3.794088 5.574551
14.587174 13.807995 4.276682
0.411065 19.488703 4.582799
13.496906 13.121443 2.041159
19.855389 9.575215 3.270923
17.118485 13.143411 4.661300
3.060044 0.932808 0.191759
10.140946 2.280485 5.302053
2.595481 8.794779 1.344773
11.468087 1.482545 5.666543
18.227794 6.127701 4.169648
11.370837 18.343433 1.556705
3.709739 0.852346 6.223596
3.212762 18.196205 5.264150
2.733008 6.658397 2.635589
14.646000 12.515070 5.909984
3.391889 6.209502 0.726964
17.249550 11.972494 2.670150
3.644484 14.961361 2.880410
1.773003 13.392735 3.686496
19.746568 16.256372 3.833652
14.357547 5.650760 3.002651
10.517179 9.665206 0.985126
3.134809 0.017469 5.198841
16.725518 6.706635 1.417254
2.854974 15.843247 0.004886
5.284755 14.477026 3.892744
10.418755 4.502242 0.851304
10.991025 6.852461 3.122369
14.400143 15.392712 6.075389
9.394897 19.560208 4.324910
18.575754 3.720059 1.902848
9.507985 19.926061 4.948033
13.397602 5.075304 0.266061
18.865375 19.288498 3.520353
16.421995 17.015479 2.430714
13.028055 1.514948 4.337514
19.225784 3.445060 5.403289
18.852320 6.159995 5.493536
12.083415 13.821301 0.841796
13.084325 14.765524 1.275749
13.678245 13.022849 1.345566
7.243645 16.049565 1.181839
17.700777 13.586389 4.622651
3.843184 16.151945 4.100670
8.796933 9.013283 0.329191
10.154965 18.692746 5.527488
6.071058 0.379321 1.737959
9.057192 19.051726 1.185528
1.804939 6.526104 1.470802
8.924373 9.965400 1.989434
0.461687 13.063877 0.615766
4.269785 14.966004 6.085418
12.942982 18.706063 5.864227
10.499440 5.009731 5.398982
19.161420 2.368544 5.971447
7.517492 11.552861 4.346139
14.999989 14.711444 5.353018
4.369920 3.003395 3.601176
6.381282 3.661455 6.217204
14.817056 10.659071 5.424913
1.003205 14.752109 5.769583
11.540581 2.313044 3.217144
3.865050 3.441609 2.580791
3.613341 17.987029 4.765750
13.842428 17.776727 5.626339
3.539155 8.782908 5.846013
11.718183 10.094501 5.919993
1.936533 11.606291 4.139788
1.144118 0.863284 5.344987
11.630368 11.284809 2.849391
19.558060 18.187182 4.256984
14.729461 1.071731 0.089000
16.473103 14.926065 3.766598
15.782217 18.099820 0.449685
18.923640 10.578429 0.921860
6.419772 9.577741 3.963831
4.045164 8.490232 0.004102
18.277695 6.151543 6.128847
18.347223 13.939288 1.492553
2.134993 13.486264 6.127732
14.286288 18.682749 4.565114
3.700040 13.819569 5.214350
9.666358 8.778035 3.169101
5.016570 14.751933 3.908555
17.691701 5.348205 2.295809
2.076574 5.651629 4.839011
10.048152 6.472660 2.641676
16.991104 4.336176 3.284403
13.093746 3.819537 3.504804
2.958854 11.554720 3.247553
18.000928 15.793468 1.321284
13.317183 8.362498 0.530201
5.360415 19.339644 2.395329
15.492915 15.333437 0.481154
2.464337 6.081748 2.339821
14.321727 3.797915 2.857306
14.258300 8.272249 0.271990
17.773143 9.364678 5.048487
18.552649 15.169571 1.686991
7.599896 16.729208 1.879293
7.067584 16.833821 1.769926
5.514342 19.058848 3.120799
18.818356 3.081340 0.305413
1.078014 17.764225 5.196082
4.392258 2.541710 1.088070
8.576385 18.618880 1.759176
12.629781 6.934051 0.334852
17.287396 3.885865 2.471133
10.101437 4.575757 3.659920
4.358507 15.074961 0.384871
8.964165 17.068403 3.614475
2.822556 11.709112 4.381073
7.168391 15.969103 4.905579
13.128906 19.908321 3.978705
19.403749 12.740664 0.888271
3.360684 1.507323 4.317220
0.576671 17.770088 4.116588
10.717067 13.832852 0.320264
9.949507 7.480352 0.592682
0.931422 15.898054 4.715015
5.289475 13.502875 3.222887
2.947797 4.043589 3.690089
8.092759 9.187934 0.229983
11.504780 18.827642 4.779447
0.725707 14.147635 3.545748
2.587959 15.044470 3.322813
2.532558 1.985769 3.119180
5.347069 1.299744 1.305254
15.313259 14.244866 0.923673
2.667464 13.591152 0.803598
16.311038 17.699820 3.728071
19.884824 9.679609 4.695028
19.202546 4.523545 1.663043
19.043157 16.116293 5.560944
4.638907 5.459149 2.114617
0.651077 1.709934 3.857811
18.031441 8.908445 5.119703
8.174901 11.257181 5.781773
11.393153 10.092070 4.983458
3.999376 9.971031 1.279249
8.490458 4.458304 1.142276
18.698382 8.789484 4.006820
2.199046 19.819302 2.213397
3.615990 0.310729 1.321141
7.874247 14.514345 1.809998
9.654128 13.863444 5.190770
4.440423 19.797876 5.712912
13.907120 3.055516 0.637043
1.225402 6.161860 1.495655
3.614547 1.821132 1.627364
18.288725 15.603424 0.186104
16.070775 13.552548 1.048625
2.952603 10.291566 0.530921
4.455573 2.244857 2.080428
15.219632 7.636687 4.628143
13.250965 14.234294 3.034735
5.631502 11.008433 3.737108
15.296551 14.204184 5.052145
14.360823 6.744287 4.145553
1.449240 14.707872 0.016245
8.943774 5.769266 1.643105
9.367523 18.284744 3.403508
19.394167 12.612375 0.021853
0.713851 3.159265 2.041644
5.974018 10.635405 1.738256
13.507477 17.714412 3.758597
2.118148 12.340001 1.322089
14.585400 16.530048 3.732703
4.299351 19.755133 2.485575
16.239720 10.759368 2.854100
11.811121 2.906112 4.583722
16.606692 3.537835 0.251644
11.515396 0.841810 2.936494
11.109512 6.041610 2.806663
14.109089 11.613986 1.077425
1.042021 14.094964 1.363415
19.548973 10.546638 3.145351
4.600695 7.218427 5.248293
1.492371 10.734744 1.559298
6.844823 6.868927 5.360959
18.595896 14.245087 5.093492
10.360703 17.299074 2.390257
12.040586 6.359979 5.509956
1.940995 10.423242 1.855963
7.203680 15.220899 5.903122
13.237699 6.055031 6.197337
7.081124 1.708244 1.435808
3.858245 9.265816 1.765112
0.232892 0.526178 3.360672
18.665974 7.234323 0.519410
3.922877 7.661189 4.227583
17.548709 7.931347 5.426492
16.541454 0.120066 4.772261
4.478126 5.063159 5.357893
13.938544 16.875227 5.827567
18.152233 8.208320 5.264224
11.881405 4.948742 0.546202
18.365231 6.121047 4.078897
18.391942 16.230012 1.307502
14.678129 9.267162 3.026751
17.194751 19.126335 2.963591
15.167307 7.846553 0.351121
8.089569 16.079920 0.385347
16.688517 9.958701 2.180987
12.534486 9.802777 1.198437
16.865005 2.991857 3.085300
18.487581 6.938687 1.252979
12.465370 9.705844 6.154254
13.626589 14.860506 3.545638
19.822811 5.333750 1.219663
5.865435 3.766570 5.417389
12.411008 12.798857 2.015727
11.961659 18.400235 3.498549
12.442996 19.036077 3.915263
17.928872 19.894456 1.460170
16.320466 8.704736 0.451143
1.674213 6.041751 4.655732
17.550264 0.668341 4.911302
8.142250 0.545081 3.574651
12.962248 0.529294 2.040847
0.455510 0.001626 1.829506
16.437891 17.198866 0.195782
6.371843 7.662629 4.456566
19.899092 10.764789 3.327653
4.576815 1.064047 2.039045
7.450063 11.848188 0.910641
1.622102 13.123502 4.246285
3.901470 2.577887 0.956012
1.793024 8.555540 0.745278
18.842046 6.834870 4.593470
8.886609 0.260617 4.844873
12.095251 6.032878 1.692006
12.589502 19.908970 1.720438
18.625810 2.829958 0.340705
7.613442 1.692585 4.452953
17.505546 4.986350 1.972794
8.301624 13.908518 3.397959
6.292988 4.490351 3.426863
1.269564 5.231308 3.945400
12.775852 18.700932 4.106935
8.191697 12.824610 3.790190
11.099501 18.545295 0.575870
10.686455 7.723371 0.827453
12.785859 3.269150 1.539041
11.637625 19.053432 2.562251
5.141047 9.948876 6.113422
14.560147 19.335198 1.735937
17.204486 11.986238 5.340588
17.019242 1.226787 4.466231
8.256510 9.075200 5.387183
2.247612 14.744344 2.980292
1.481884 0.206188 2.204794
6.173799 4.612650 4.653887
5.918570 15.432409 2.607586
15.186853 18.860945 3.882674
5.995362 4.230424 0.343536
9.539733 13.377196 4.141901
1.437864 18.520047 1.528010
6.078996 1.016044 2.501104
2.134187 19.842513 1.204497
14.019885 9.291594 1.401696
12.068501 11.689385 5.781170
13.788921 14.830117 3.578019
17.726861 16.971795 5.145940
5.780495 9.345719 2.375135
17.551256 2.854342 5.269046
10.853795 16.079453 3.346072
14.059563 5.261972 0.817665
12.572349 12.528816 3.310041
18.250151 19.914554 0.629454
13.050243 10.731953 4.231306
8.370034 8.160048 2.758762
0.086690 19.281058 5.951889
2.647548 8.757225 5.027065
1.742770 1.671742 0.944221
16.393838 7.481686 3.441103
6.099588 8.233438 4.320232
13.204262 14.130119 2.843933
8.322945 15.163055 1.473626
5.215050 13.586659 3.583853
6.694966 4.831199 0.311186
18.931191 4.445045 3.248939
2.141742 12.952435 3.816399
13.082116 12.643084 5.570796
13.582730 7.848323 0.114436
17.252376 11.011770 1.296080
12.805387 2.501427 3.779042
15.247981 15.915519 2.923738
16.104115 6.665023 5.008379
2.871784 0.515235 1.127774
12.850777 10.486143 5.495711
14.375320 13.049712 3.811303
15.783729 19.830931 2.956048
1.261824 8.896737 4.669352
5.486491 4.913089 5.458818
3.744856 9.193937 6.083172
11.297598 2.148348 5.305363
14.269569 12.424717 5.257651
3.820228 5.548653 1.875089
12.340330 19.443768 4.835750
13.261915 11.722867 1.912393
9.030358 3.702728 3.898941
3.358399 16.242862 0.582712
5.992195 18.335994 0.156623
0.954217 5.348281 6.153562
13.546936 18.577250 4.450686
1.420900 14.720150 3.232853
7.034654 6.062169 1.562213
15.547791 10.589550 0.173148
12.679525 5.022409 4.479654
13.422214 14.638412 1.409961
11.521783 13.995127 0.443244
8.225241 16.833484 3.325565
7.157594 1.453413 1.351268
5.170094 19.778885 0.288464
12.956209 18.710861 4.180716
10.376856 16.653259 5.877986
0.615638 11.775788 5.992870
16.022844 7.972079 0.574203
1.832005 1.511941 0.490717
17.340401 10.556711 2.777452
12.953249 12.516214 5.933977
16.511398 11.027187 0.887442
4.667693 19.186639 4.783411
12.232952 2.877263 0.317208
7.314497 17.414010 2.441018
3.098155 11.024877 1.668545
8.602481 0.851575 4.555850
17.172389 4.679739 0.818769
4.644667 9.751875 3.731976
8.765977 2.692092 0.390571
10.220893 8.196989 5.868298
13.156661 13.118453 1.929863
1.844871 8.618411 4.147313
2.717223 16.416321 5.592590
11.490169 2.544351 6.276602
3.528341 5.903921 2.398335
14.365501 5.679802 2.513214
12.623267 10.551594 4.235933
4.714130 15.419144 2.448076
14.865085 8.630467 1.769216
13.298684 14.917002 4.118015
2.540706 1.898366 0.827488
0.256310 14.004293 5.266913
9.916106 0.860617 3.536610
14.096682 8.818997 3.808631
4.830938 13.329115 2.569635
13.951139 9.191483 2.497953
7.554070 7.284504 5.713957
8.425381 19.332963 4.041286
19.747031 9.689911 3.745320
2.749264 1.559882 0.215661
0.470874 12.008984 1.070083
15.739942 7.801174 2.233371
19.856359 9.867625 2.667607
8.071878 16.721958 3.081276
13.773867 8.891522 0.491951
0.214546 9.186170 0.697805
4.743231 16.431653 1.284709
7.508322 4.576194 4.269369
7.868132 2.700435 0.213633
13.090797 16.251386 2.548718
18.451367 6.119966 3.197908
5.092922 7.391139 5.608173
2.269178 7.397293 5.274629
6.210892 18.729745 0.227700
6.213355 12.667702 5.855880
16.319808 4.324204 1.283071
9.542693 10.634887 5.341459
18.740618 17.271725 5.078818
14.787705 9.398925 0.567894
17.422267 18.125693 5.127898
17.194849 19.164340 3.386089
14.391671 4.252348 1.085238
12.414554 2.849859 1.896359
0.768309 5.060141 2.078093
16.984535 1.696808 3.422017
5.947333 18.095989 0.704346
4.067352 10.954069 1.094407
6.731728 6.201497 5.281836
18.019443 7.720806 1.679259
8.683310 3.380364 1.658509
9.190122 8.566554 4.171464
8.061842 10.946666 0.953748
4.766514 7.917614 0.458095
5.716706 5.383424 6.020218
6.438549 4.096429 5.801949
12.834256 12.464833 5.348018
5.686446 6.546698 0.588294
13.623310 9.563276 3.263150
3.985697 2.182435 3.093318
3.482694 11.799634 3.293505
18.316325 0.076517 3.303420
5.567125 3.278044 0.769218
4.069208 9.640275 0.952283
15.521533 7.486524 0.168322
19.723944 13.417999 2.455531
6.884826 17.510560 3.520876
17.425448 3.491785 0.499015
0.044879 2.239658 0.723801
4.701194 14.136875 4.531584
5.326736 19.043707 5.032865
6.952572 6.211684 1.688922
13.239808 6.471967 1.966434
17.226372 8.645002 4.164435
4.287343 14.426443 2.826891
1.479187 6.443449 0.804084
16.164239 19.567863 0.091093
12.323677 0.237722 2.471199
0.259317 13.661036 2.304707
3.927872 16.773698 5.726961
8.176238 6.683839 0.689298
19.326849 16.040361 4.775961
17.500162 11.261155 2.402841
16.492310 17.367270 2.417213
3.028149 0.340933 4.537444
11.119888 14.187634 5.717119
9.434902 13.264455 2.515255
3.233931 6.877195 5.761730
1.855886 17.005058 0.626987
18.995618 2.708289 0.227574
11.042640 14.728749 4.194727
9.604894 17.092942 2.468544
9.443256 0.135734 0.539837
18.975401 13.141825 4.727221
15.603731 0.886448 6.243995
12.274030 17.139175 4.405892
3.273048 15.830018 2.585921
16.942637 19.465674 3.623871
11.579660 1.457882 4.068192
15.586345 19.289318 1.019403
16.403611 12.233126 2.913906
8.017254 7.884397 4.051691
4.113404 13.333448 2.167851
14.234968 9.618207 0.290435
13.201642 9.198153 2.059527
15.786217 19.740422 4.809858
12.741911 8.778503 2.700225
5.135994 12.925749 1.823518
10.270406 14.152510 3.482052
12.387126 9.325622 5.904355
6.939439 19.051025 0.016679
2.039334 5.752345 4.050789
0.377710 17.920247 3.351249
11.468650 2.504615 5.708571
7.965479 3.021459 5.033752
8.378557 1.201635 6.092294
18.761359 11.518768 4.095997
